0.12437975272683412
0.10339039946290746
0.13884879625887694
0.17663919742028011
0.190915542938254
0.06666666666666667
0.16807833537331776
0.13118580765639512
0.08337396392003886
0.04834605597964366
-0.025906735751295335
-0.07865168539325842
-0.08
0.19144194339202114
0.19446366782006927
0.1826086956521739
0.20873362445414848
0.08994708994708998
0.20055619656223184
0.21252297190863653
0.2777694046721933
0.2666666666666666
0.3712121212121212
0.4164305949008505
0.19702602230483254
0.019276190476190558
0.10841932107073428
0.07366936905181552
-0.031578947368421074
-0.01834862385321099
-0.039473684210526314
0.0732889158086007
0.1165644171779141
0.10084033613445381
0.15113871635610765
0.10824742268041246
0.3037037037037036
0.21914981427981828
0.2718096611391495
0.20788302606484424
0.18259023354564768
0.18128654970760227
0.17493472584856382
0.12812248186946026
0.036011080332409975
-0.00833333333333334
-0.014778325123152698
0.08843537414965981
0.18998462552163436
0.225637671680837
0.3156966490299823
0.3405797101449277
0.39650145772594736
0.11594202898550734
0.14925373134328374
0.19034852546916883
0.21176470588235302
0.21131447587354443
0.1594746716697936
0.06620209059233462
0.1407789770061005
0.11952487008166261
0.24721603563474379
0.3045977011494252
0.1111111111111111
0.0784313725490196
0.3465346534653466
0.009478672985781974
0.18139534883720934
0.04913076341647774
-0.09970958373668919
-0.13756613756613756
0.0956521739130435
-0.11540714704159354
-0.16499282639885232
-0.15328467153284667
0.18356164383561652
0.16666666666666666
0.21875000000000003
-0.025906735751295318
-0.09395973154362412
0.13714574898785403
0.11722331368696791
0.35504885993485363
0.4478527607361961
0.11232378353797179
0.13157894736842102
0.20332577475434632
0.09255079006772007
0.12571428571428572
0.4040404040404037
0.42990654205607515
0.3524804177545692
0.5684931506849316
0.11999999999999988
0.10634789777411381
0.23588039867109634
0.137546468401487
0.05702364394993049
0.026194144838212603
0.03125
0.13235294117647065
0.18383838383838383
0.14348785871964675
0.20555555555555555
0.12481203007518789
0.2439949431099873
0.23756906077348067
0.07913669064748204
0.1492537313432836
0.2586298459904401
0.2727272727272728
0.22957198443579763
0.3333333333333333
0.014634146341463402
0.04
0.06815020862308759
0.2586750788643534
0.2984749455337692
0.2226720647773278
0.22758620689655143
0.6353591160220993
0.5520833333333336
-0.13274336283185842
-0.14563106796116512
0.2159090909090909
0.18110236220472442
0.2222222222222222
0.35168195718654455
0.13623853211009168
0.0926331145149525
0.22660098522167493
0.2747252747252747
0.1700680272108845
0.10256410256410256
0.20598777145266683
0.20000000000000015
0.2767295597484274
0.13548387096774195
0.12568306010928956
0.14685314685314688
0.148936170212766
0.45794392523364486
0.17056856187290967
0.1578947368421052
0.12205567451820132
0.01369863013698632
0.12230835486649465
0.039215686274509796
0.2786377708978324
0.0743801652892562
0.4046511627906981
0.03874813710879293
-0.030042918454935636
-0.19607843137254902
0.25999999999999984
0.22193548387096834
0.27906976744186096
0.2703296703296703
0.18620689655172412
0.022592152199762176
0.02645502645502646
0.02133922001471668
0.10371075166508092
0.3273273273273274
0.43092783505154597
0.44134078212290495
0.44744744744744736
0.4269972451790635
0.3983739837398374
0.43636363636363645
0.4464285714285713
0.37931034482758624
0.2224563515954242
0.1908155186064925
0.20109439124487
0.3467336683417087
0.23203285420944578
0.1846921797004991
0.35092348284960423
0.42647058823529405
0.42857142857142866
0.26243093922651906
-0.02325581395348841
0.12455516014234876
-0.24579124579124545
-0.2702702702702702
-0.14018691588785046
0.10679611650485447
0.1596638655462186
0.08717948717948722
0.17718940936863545
0.03501945525291829
0.045871559633027525
0.12345679012345678
0.2685950413223136
0.004739336492890997
0.027027027027027004
-0.07964601769911502
0.25062656641603986
0.37916666666666665
0.38308457711442784
0.37572254335260125
0.4110429447852761
0.38523852385238533
0.27195225916453536
0.2951289398280804
0.37142857142857144
0.15086347344411846
0.22227979274611398
0.09282700421940929
0.11342351716961499
0.25
0.006605019815059431
-0.029787234042553182
0.07482993197278914
0.24878048780487794
0.317829457364341
0.2396694214876033
0.04847986852917011
0.1355498721227621
0.14529914529914534
0.13378684807256255
0.047619047619047644
0.042944785276073635
0.06666666666666672
0.17575757575757578
-0.003412969283276452
0.5594405594405588
0.2236842105263157
0.32778355879292387
0.46596858638743455
0.2280701754385964
0.18269230769230768
0.0769230769230769
0.33333333333333326
0.7425742574257426
-0.044585987261146515
0.03773584905660381
0.2080536912751678
0.28691983122362835
0.13461538461538464
0.19434628975265025
0.06882821387940845
0.167836630504148
0.1537313432835822
0.2608695652173913
0.1900826446280991
0.23668639053254428
0.15
0.13320825515947474
0.10106382978723401
-0.10344827586206899
0.08675799086757996
0.11755233494363938
0.12041884816753921
0.09090909090909081
0.21869782971619364
0.4179894179894179
0.12131147540983604
0.25350734094616695
0.26747195858498696
0.1358778625954198
0.24463519313304727
0.48333333333333356
0.1589743589743589
0.4999999999999995
0.38333333333333336
0.350253807106599
0.6346153846153844
0.7580645161290323
0.29965156794425085
0.3735632183908044
0.16386554621848734
0.2111111111111111
0.0576923076923077
0.1439060205580028
0.12144702842377264
0.021897810218978114
0.01244813278008298
0.0052910052910053
0.1475409836065574
0.21352313167259765
0.484162895927602
0.54
-0.09844559585492234
0.264
0.17333333333333334
0.6470588235294118
0.2321598477640347
0.25186289120715377
0.24999999999999978
-0.034482758620689655
0.07563025210084033
0.1632373113854596
0.6422764227642277
0.2723735408560312
0.25551232166018156
0.2236024844720497
0.38317757009345793
0.3517241379310344
0.10569105691056915
0.30039525691699603
0.2641509433962263
0.08496732026143798
0.006289308176100654
0.01993355481727575
-0.11057692307692307
-0.09580838323353295
0.4506437768240345
0.2500000000000001
0.32721712538226294
0.2825112107623318
0.3122171945701357
0.23664122137404592
0.15217391304347846
0.10526315789473693
0.11246200607902736
0.0909090909090909
0.3958333333333333
0.38181818181818206
0.4897959183673469
0.037914691943127965
0.06569343065693431
-0.11864406779661017
0.10924369747899167
0.17197452229299365
0.13725490196078435
0.33333333333333337
0.13548387096774217
0.11910112359550562
0.008403361344537813
0.14162679425837293
0.22453222453222438
0.13253012048192778
0.10182767624020887
0.12234042553191483
0.2346570397111914
0.26666666666666666
0.3643410852713178
0.4829931972789115
0.19075144508670527
0.05
-0.029702970297029695
0.11428571428571434
0.1634615384615386
0.23076923076923078
0.24836601307189551
0.17361111111111113
0.12941176470588237
-0.0647773279352227
-0.12772585669781933
-0.15057915057915058
-0.05800464037122971
0.1206313416009019
0.1387755102040817
0.06172839506172846
0.09722222222222225
0.09063444108761325
0.05
0.17307692307692307
0.16582914572864332
0.2000000000000001
0.26105563480741784
0.3427762039660056
0.3865979381443299
0.2727272727272727
0.24242424242424235
0.09626719056974446
0.0891089108910891
-0.003533568904593602
0.11724137931034473
0.14391143911439108
0.30821917808219174
0.20557491289198607
0.2077922077922078
0.21739130434782608
0.24752475247524738
0.18072289156626511
1.0675221390626506e-18
0.05813953488372092
-0.01639344262295083
0.09537939805002135
0.13573883161512032
0.0822281167108755
0.12982456140350873
0.18584070796460173
0.3359683794466404
0.12446351931330472
0.12195121951219512
-0.007692307692307699
0.060606060606060594
0.07936507936507936
0.2727272727272729
0.4265734265734265
0.39622641509433965
0.06870229007633587
0.072
0.04496788008565312
0.3802816901408452
4.989766402809692e-18
0.31927357937902756
0.49132947976878605
0.07630522088353417
-9.420074148334662e-17
-0.10256410256410255
0.40458015267175573
0.4766355140186916
0.019230769230769267
0.18431372549019615
0.2546583850931678
0.22162162162162166
0.2371794871794873
0.19348268839103863
0.0782608695652174
0.7172774869109948
0.3465346534653465
0.3877551020408161
0.39483394833948304
0.5219512195121945
0.5714285714285712
0.275
0.3533834586466166
0.35937500000000006
0.1822429906542056
0.36283185840707965
0.3653846153846153
0.16831683168316838
0.16666666666666666
-0.039999999999999994
0.46296296296296297
-0.05426356589147287
-0.11504424778761069
0.11111111111111105
0.07344632768361577
0.12857142857142853
-0.0055865921787709594
0.4460093896713612
0.13992297817715033
-0.04950495049504951
0.5036496350364962
0.17699115044247782
0.56
0.7168141592920354
-0.013333333333333329
-0.07929515418502199
0.6981132075471695
0.29142857142857154
1.8897413185109047e-17
0.3149171270718233
0.20416124837451244
0.1719745222929936
0.14792899408284027
0.29508196721311475
0.1621621621621623
0.1902439024390243
0.009900990099009901
0.1468531468531469
0.3999999999999998
0.5412844036697247
0.1896551724137931
0.31851851851851853
0.4603174603174601
0.06422018348623854
0.18018018018018017
-0.05263157894736848
0.4238683127572018
0.18421052631578952
0.14814814814814817
0.12903225806451613
0.44144144144144143
0.17757009345794392
0.4434782608695652
0.15248796147672558
0.08262108262108264
0.1775700934579439
0.17012448132780084
0.23376623376623376
0.2396694214876033
0.18518518518518517
0.17857142857142858
0.06976744186046512
0.02727272727272727
0.30882352941176483
0.32352941176470595
0.368421052631579
0.09303686366296093
0.09420289855072464
0.2528735632183907
0.13761467889908263
-0.05555555555555555
0.2571428571428571
0.4086956521739132
0.20778072502210437
0.19804400977995118
0.4086021505376345
0.24812030075187974
0.09316770186335405
0.17630726515502082
-0.05149051490514908
-0.04950495049504957
0.1014084507042254
-0.20353982300884957
0.06666666666666664
0.14492753623188406
-0.015624999999999986
0.08222811671087539
0.40555555555555556
0.0980392156862745
0.12328767123287669
0.24944812362030908
0.17283950617283952
-0.13725490196078435
0.15901060070671377
0.17985611510791377
0.168141592920354
0.3075862068965516
0.07692307692307684
0.020202020202020197
0.2327868852459015
0.22367275892080044
0.24104549854791868
0.24191750278706842
0.021276595744680864
0.6511627906976745
0.285140562248996
0.4915254237288132
0.21600000000000005
0.16071428571428575
0.14838709677419357
0.20547945205479456
0.29613733905579387
0.6111111111111109
0.574074074074074
0.04687500000000002
0.038461538461538464
0.13253012048192772
0.2517985611510791
0.2348993288590604
0.21714285714285714
0.4242424242424241
0.23383084577114419
0.20754716981132076
0.5238095238095234
0.8217821782178217
0.7968750000000002
0.8016528925619837
0.7777777777777778
0.1485148514851486
0.473684210526316
0.4787234042553189
0.03278688524590167
-0.13539192399049876
0.10569105691056915
-0.14705882352941177
0.5328467153284672
0.34351145038167946
0.17596566523605156
0.2631578947368419
0.43636363636363645
0.23270440251572327
0.17784256559766776
0.10482529118136434
-0.008620689655172414
0.07315365768288423
-0.03499079189686923
-0.10073710073710075
0.022727272727272724
0.10476190476190476
0.0684931506849315
0.009174311926605505
4.2000500667036346e-17
-0.02970297029702973
0.07182320441988947
0.28146453089244844
0.19298245614035095
0.15032679738562094
0.24
0.2740740740740742
-0.22891566265060237
0.2909090909090909
0.3387096774193548
0.3246753246753247
0.28571428571428586
-0.16666666666666666
0.2982456140350878
0.2469352014010508
0.3382352941176471
0.11111111111111122
0.04430379746835445
0.14826498422712928
0.18881118881118877
0.11827956989247314
0.4368932038834951
0.38333333333333336
0.3858267716535434
0.18562874251497005
-0.005988023952095802
-0.20670391061452517
0.1340523882896763
0.25274725274725274
0.06110711718188354
0.03073286052009455
0.05084745762711863
-0.10377358490566041
-0.08771929824561402
0.43750000000000017
0.4341463414634146
0.38823529411764707
0.2533333333333333
0.14285714285714285
0.32682926829268294
0.36585365853658564
0.010080645161290328
-0.015643802647412823
0.18435754189944134
-0.08823529411764706
-0.13286713286713292
-0.04587155963302751
0.4117647058823529
0.4234234234234234
0.04950495049504951
0.2
0.1320754716981132
0.05109489051094892
0.8181818181818182
0.20218579234972675
0.20218579234972675
0.08496732026143791
0.10638297872340426
0.2564102564102564
0.3388429752066115
0.12104283054003732
0.08154506437768243
0.1442786069651742
0.072
-0.031007751937984482
0.06422018348623852
-0.1038961038961039
0.13600000000000007
0.09734513274336282
0.01694915254237288
-0.10569105691056911
-0.10714285714285716
0.28999999999999987
0.2698412698412698
0.15517241379310345
0.2871287128712872
0.037037037037037035
0.21379310344827582
0.17333333333333326
0.3272727272727273
0.18552036199095023
-0.09268292682926826
0.014851485148514866
0.3925925925925926
-0.09859154929577464
-0.12230215827338134
0.09677419354838714
0.10900473933649284
0.03921568627450977
-0.017543859649122806
0.10679611650485442
0.1891891891891892
0.23577235772357735
0.24758842443729898
0.29058116232464964
0.2679425837320574
0.08839779005524857
-0.006535947712418314
0.40181268882175225
-0.08510638297872344
0.18085106382978725
0.0023529411764705893
-0.06422018348623852
0.04430379746835447
0.3457943925233646
-0.06789413118527038
-0.14357682619647347
-0.28846153846153866
0.09316770186335406
0.054054054054054036
0.07002801120448182
-0.23478260869565212
-0.013452914798206279
0.24873096446700507
0.13709677419354843
0.09756097560975614
0.08832807570977919
0.08468468468468461
0.2291666666666667
0.3277310924369749
0.061946902654867256
-0.048543689320388286
-0.10169491525423727
-0.03636363636363635
-0.10569105691056911
0.049773755656108594
0.015463917525773186
-0.003174603174603169
0.24999999999999997
0.29556650246305405
0.12621359223300974
0.16071428571428573
0.22772277227722776
0.00828402366863904
-0.08510638297872346
-0.04819277108433736
0.041095890410958916
0.046439628482972145
-4.285071323114639e-17
0.1099476439790575
-0.01818181818181818
-0.02702702702702703
-0.0046082949308756125
-0.1391304347826087
-0.02195608782435132
-0.05042016806722687
0.14285714285714285
-0.11864406779661017
0.15584415584415584
0.33333333333333337
0.24786324786324787
0.28971962616822433
-0.0861423220973783
-0.2871287128712871
0.03399076793957194
-0.054878048780487694
-0.02347417840375586
-0.061007957559681705
0.05617977528089892
-0.2831858407079646
-0.10526315789473686
-0.09497206703910614
-0.0897552130553038
-0.030674846625766878
-0.09407665505226481
-0.15686274509803916
-0.06358381502890173
-0.11080332409972297
0.08737864077669903
0.04761904761904761
-0.09090909090909091
0.0364963503649635
0.009523809523809525
0.4796747967479676
-0.005128205128205128
-0.13402061855670117
-0.18840579710144928
-0.09090909090909091
0.4678899082568802
0.20689655172413787
-0.024793388429752067
0.05970149253731343
-0.12322274881516572
-0.03768115942028986
-0.09090909090909091
-0.2046783625730994
-0.26153846153846155
-0.3761467889908257
-0.09433962264150941
0.46405228758169953
-0.03409090909090909
0.012396694214876026
1.2997732971221346e-17
0.024714828897338427
0.015384615384615379
0.1926605504587156
0.1216216216216216
0.08955223880597014
0.09714285714285714
0.05058365758754864
0.06840390879478829
0.15476190476190474
0.13432835820895522
0.1504424778761062
0.3333333333333334
-0.08341511285574087
-0.14697406340057628
-0.06504065040650404
-0.09890109890109892
-0.08974358974358976
0.05970149253731343
0.11538461538461536
0.21818181818181814
0.35632183908045967
-0.25423728813559326
-0.12195121951219512
-0.15517241379310345
0.2788461538461537
-0.07352941176470588
0.012658227848101266
-0.20634920634920634
-0.031746031746031744
0.07203389830508465
0.045558086560364516
0.03088803088803089
0.21621621621621623
0.22758620689655173
-0.029490616621983923
-0.06557377049180332
0.0
0.16245487364620936
-0.015945330296127574
-0.032608695652173926
0.21531100478468904
-0.008955223880597015
-0.037800687285223365
2.834611977766357e-18
-0.03571428571428571
0.38947368421052664
0.36538461538461553
0.248
0.4739229024943311
0.42424242424242425
0.1653116531165311
-0.056910569105691054
-0.10476190476190475
0.1464968152866242
0.077660594439118
-0.025862068965517272
0.14698795180722893
0.09401709401709407
0.005405405405405453
-0.03067484662576687
0.24886877828054288
0.2611464968152866
0.08571428571428569
0.17543859649122798
0.12077294685990338
0.29333333333333333
0.2222222222222222
0.1959798994974874
0.1700680272108843
-0.19354838709677424
0.3400000000000001
0.22828282828282834
0.21367521367521375
0.2236842105263158
0.23333333333333334
0.030927835051546414
-0.3029490616621987
0.13656387665198239
0.24848484848484853
-0.19230769230769232
-0.22772277227722773
-0.02654867256637172
-0.038297872340425594
0.12871287128712874
0.0891089108910891
-0.12280701754385967
-0.08056872037914692
0.10313901345291471
0.36551724137931024
0.021582733812949655
-0.016129032258064536
-0.007999999999999986
-0.1044776119402985
0.034482758620689655
0.29936305732484075
-0.2121212121212122
-0.22738386308068453
-0.14000000000000004
0.31746031746031744
0.051094890510948905
-0.023255813953488354
-0.015384615384615398
-0.11504424778761067
-0.023376623376623384
-0.14942528735632185
-0.12048192771084337
-0.1341463414634146
-0.09433962264150944
0.22162162162162163
0.06329113924050637
0.33962264150943405
0.17615176151761525
-0.12000000000000002
0.375
0.04245283018867923
0.05592841163310965
0.16190476190476197
-0.14487632508833923
-0.1904761904761904
-0.017857142857142856
0.05791505791505792
0.021897810218978093
0.21413721413721418
0.2571428571428571
0.10280373831775706
0.4824281150159743
-0.03305785123966935
-0.041666666666666706
-0.10447761194029853
-0.1320754716981132
0.08219178082191789
0.12790697674418605
0.35384615384615387
-0.14285714285714304
0.14851485148514856
0.1678832116788321
0.20971302428256067
0.25459317585301827
0.2952380952380953
-0.06930693069306931
0.15315315315315314
0.06363636363636367
0.09090909090909094
-0.11409395973154367
0.496062992125985
0.3157894736842105
0.23076923076923087
0.36363636363636365
-0.0738255033557047
-0.1016949152542373
0.057591623036649255
-0.02905100064557778
-0.09433962264150933
0.0695970695970696
0.1797752808988764
0.34302325581395315
0.3333333333333332
-0.10691823899371078
-0.13705583756345172
-0.13705583756345172
-0.12953367875647667
0.053763440860215055
0.05128205128205123
0.07843137254901959
-0.07563025210084037
0.029535864978902975
0.05714285714285717
-0.1534883720930232
-0.16883116883116886
-0.04132231404958685
0.008547008547008548
-0.20164609053497948
-0.2500000000000001
0.17966101694915254
0.05999999999999999
0.009174311926605496
-0.0810810810810811
0.3
0.44736842105263164
0.30708661417322836
0.047619047619047616
-0.07008086253369261
-0.184
0.1417004048582996
0.042253521126760604
0.015625000000000028
-0.07462686567164178
0.05555555555555555
0.13600000000000007
-0.24017467248908286
0.02380952380952382
3.172065784643304e-17
-0.278969957081545
0.22595078299776286
0.21904761904761919
-0.05577689243027889
-0.19642857142857142
-0.2549019607843137
-0.2549019607843137
-0.27586206896551724
0.6
0.680672268907563
-0.0666666666666667
-0.056603773584905696
0.3103448275862069
0.027552674230145856
-0.007751937984496089
0.3000000000000001
0.4563106796116505
0.3082706766917292
0.3442622950819672
0.37815126050420167
0.05806451612903223
0.05000000000000002
0.16049382716049382
0.16546762589928055
0.02912621359223301
0.002754820936639138
0.2299168975069252
0.5391304347826084
0.07224334600760465
0.18181818181818177
0.203125
-0.05263157894736844
-0.0413223140495868
-0.24770642201834867
0.23214285714285707
0.10407239819004525
0.15226337448559676
0.13043478260869565
0.16814159292035402
0.1866666666666667
0.010989010989010976
-0.06818181818181816
0.2052980132450331
0.13375796178343952
0.43103448275862066
0.3710691823899371
0.13385826771653545
0.5081967213114755
-2.5019110414088035e-17
-0.13600000000000007
0.12903225806451613
0.5844155844155843
0.05999999999999999
-0.02786377708978337
-0.11004784688995219
-0.08108108108108109
0.28798185941043064
0.2975609756097561
0.29411764705882354
0.26666666666666666
-0.10909090909090907
0.19827586206896547
-0.2695652173913045
-0.05213270142180094
-0.0505050505050505
-0.06766917293233082
0.19597989949748748
0.11330049261083747
-0.07981220657276995
-0.16091954022988514
0.24705882352941178
-0.026086956521739122
-0.1266666666666668
0.2923076923076923
0.02654867256637168
-0.15730337078651693
0.13513513513513517
0.14035087719298245
0.06382978723404255
0.02824858757062147
0.20000000000000007
-0.07692307692307693
0.20529801324503302
-0.037735849056603765
0.27205882352941185
0.07096774193548387
-0.2181818181818181
0.009345794392523364
-0.08163265306122447
0.13114754098360654
0.10091743119266056
0.3428571428571428
-0.0273972602739726
-0.009063444108761335
-0.0196078431372549
-0.1238938053097345
-0.0854700854700855
-0.06730769230769233
-0.019999999999999997
0.0517241379310345
-0.024793388429752067
0.22842639593908629
0.039215686274509796
0.2115384615384615
0.1320754716981132
-0.14130434782608703
-0.09375000000000006
0.1382113821138211
-0.12977099236641224
0.0222222222222222
0.1388888888888889
0.035573122529644334
0.0658682634730539
0.10236220472440945
0.05785123966942149
-0.18584070796460178
0.1404958677685951
0.08737864077669903
0.1650485436893204
0.15873015873015867
0.1570247933884297
0.09565217391304343
0.06005221932114889
0.2254335260115607
0.1551724137931034
0.5263157894736843
0.3050847457627119
0.07017543859649118
0.23809523809523822
0.267605633802817
0.1960784313725491
0.11864406779661023
-0.18095238095238098
-0.019999999999999983
0.3069306930693069
-0.06896551724137931
-0.08737864077669899
0.2711864406779662
-0.05172413793103452
-0.008264462809917363
0.09836065573770497
0.21827411167512695
-0.10000000000000002
-0.006802721088435392
0.061946902654867256
0.011235955056179785
0.07142857142857147
0.136
-0.10909090909090906
-0.12676056338028166
-0.007194244604316547
0.014925373134328358
0.13559322033898302
-0.051724137931034496
0.13761467889908255
0.12500000000000006
0.32710280373831774
-0.11627906976744186
0.2000000000000001
0.02857142857142857
-0.08287292817679562
0.08
0.12056737588652482
0.10679611650485436
0.2660550458715596
0.35593220338983056
0.0747663551401869
-0.05426356589147288
-0.05405405405405406
0.06382978723404255
0.0
0.04347826086956521
-0.1588785046728972
